0.0
7.8469755e-4
0.0015693951
0.00235409265
0.0031387902
0.004504312485
0.00586983477
0.007405507395
0.00894118002
0.01048703208
0.01203288414
0.013516442069999999
0.015693951
0.031387902
0.04708185300000001
0.062775804
0.09008624970000001
0.1173966954
0.13275342164999998
0.1481101479
0.16346687415
0.1788236004
0.194282121
0.2097406416
0.2251991622
0.2406576828
0.24807547245
0.2554932621
0.26291105175
0.2703288414
0.27403773622500005
0.27774663105
0.281455525875
0.28516442070000003
0.2870188681125
0.288873315525
0.2907277629375
0.29258221035
0.2944366577625
0.296291105175
0.2981455525875
0.3
