0.0
0.07848649737254595
0.15701187819009219
0.23558425044368494
0.31421173
0.45119406597850226
0.5884110262
0.7430599807922711
0.8981223816
1.0546934276261732
1.211810996
1.36317127671128
1.5864737006757625
3.252972547794579
5.0773690512020995
7.158797764999999
11.833349025542294
19.0347808
25.17693705618794
33.98462707662021
47.21581025922272
68.08326423
103.00672727750575
164.34709019802864
278.20393244430875
501.8589818
681.8689575271475
940.8647754700235
1318.5662692110363
1876.904137338385
2252.4189099202827
2713.599198167496
3281.9307348395264
3984.7168313516668
4397.057284670874
4856.759898720833
5369.706504363236
5942.557747022311
6582.862053127186
7299.180602995267
8101.230766636576
9000.050856
