0.0
0.7964257462622356
1.6400151738082271
2.5717881886499647
3.645161936
6.093629361845138
9.95745518
13.329482311777863
18.27016924709971
25.889137416207735
38.29449844
59.87836392631112
99.61431043064955
177.64670769495973
341.552251
480.62440252166033
688.9726728449673
1006.3455858645815
1498.0368550413973
1840.8488959210108
2272.9834762727796
2820.09993046197
3515.850172949797
3932.80397424097
4404.550085658384
4938.887369704696
5544.801937757649
6232.658856153307
7014.426488882597
7903.939307318474
8917.206088
