0.0
0.5331110517078375
1.1026686889313764
1.7377688735406505
2.47721767
4.1943331087520495
6.982844736
9.486273448284557
13.256334093953713
19.273071782535922
29.50126345
48.29311827937493
85.34684344859356
164.65670118093615
350.2381879
522.2390474113291
798.899310819866
1255.1883686706485
2027.9642588920467
2606.042962379408
3374.3284149064125
4403.338116555938
5792.741407124424
6664.87769266848
7684.748801582681
8880.084145924613
10284.344032789433
11938.02237746015
13890.276150807827
16200.972654191957
18943.27432
