0.0
0.3329435896599883
0.6851954388646713
1.0694010335870738
1.50158498
2.436612568206921
3.777888068
4.844320523790435
6.282580301240498
8.302407619359421
11.26773388
15.878487228002047
23.41729579006033
36.54269677495755
61.10067885
80.47531924336054
108.2710271047845
149.15285442457605
211.0381247645575
253.88793100385385
308.0463797465689
377.3310943085483
467.2912181037808
522.5021498484492
586.393249670043
660.9003357850703
748.6731703984015
853.584001752093
981.9773307156885
1147.0797119003173
1448.347784
