20004.5322
16978.040765997426
14466.582035679867
12374.043239838034
10623.674074349909
9153.921687766542
7915.214497234683
6867.467432375667
5978.138118559807
4573.476556054155
3541.5201689399914
2773.9762706013635
2196.403982256679
1419.1099828010551
951.1516033649021
658.8499795046012
470.1005402
175.94759045114586
82.86062386
58.490036392794124
43.08524376283351
32.8860560809136
25.85974858
20.82244682040077
17.130089906922795
14.351893477510627
12.21322723
9.288716327177053
7.336426624
